---
build/img/arrow.png: 2015-07-08 22:43:26.000000000 +02:00
build/img/caseteaser.jpg: 2015-07-09 16:10:34.000000000 +02:00
build/img/cci.png: 2015-07-09 16:10:33.000000000 +02:00
build/img/logo.png: 2015-07-09 16:10:35.000000000 +02:00
build/img/newBack.jpg: 2015-07-09 17:59:24.000000000 +02:00
build/img/pattern.png: 2015-07-09 17:06:28.000000000 +02:00
build/img/prestas.jpg: 2015-07-09 16:10:33.000000000 +02:00
build/img/profilePic.jpg: 2015-07-08 22:43:27.000000000 +02:00
