---
build/img/arrow.png: 2015-07-08 22:43:26.000000000 +02:00
build/img/caseteaser.jpg: 2015-07-09 16:10:34.000000000 +02:00
build/img/cci.png: 2015-07-09 16:10:33.000000000 +02:00
build/img/homeBack.jpg: 2015-07-08 22:43:29.000000000 +02:00
build/img/logo.png: 2015-07-09 16:10:35.000000000 +02:00
build/img/lop.jpg: 2015-07-09 16:10:35.000000000 +02:00
build/img/pattern.png: 2015-07-09 10:43:27.000000000 +02:00
build/img/prestas.jpg: 2015-07-09 16:10:33.000000000 +02:00
build/img/profilePic.jpg: 2015-07-08 22:43:27.000000000 +02:00
