---
build/img/arrow.png: 2015-07-08 22:43:26.000000000 +02:00
build/img/homeBack.jpg: 2015-07-08 22:43:29.000000000 +02:00
build/img/logo.png: 2015-07-08 22:43:28.000000000 +02:00
build/img/prestas.jpg: 2015-07-08 22:43:27.000000000 +02:00
build/img/profilePic.jpg: 2015-07-08 22:43:27.000000000 +02:00
